致永不逝去的童真

哆啦A梦的肚子上拥有四次元口袋，这个口袋直接通往四次元空间，再多的东西也能放下。Doraemon有多少件道具？其实我也不知道，上网查了查，也没有准确的答案，超过两千件…最喜欢的食物是铜锣烧；最厌恶老鼠；由于手指不发达，也讨厌翻花绳。小时候总是幻想自己要是有个蓝胖子在身边多好，什么都不怕…神奇口袋，遇到什么困难埋头翻翻就好12月的广州很冷，这次去拍照真是冷到不行。但我和dada还是很开心，拍拍拍把所有的Doraemon都拍了下来。（整理照片花了好长时间，字都一个个自己敲上去。想给自己留作纪念，想送给所有的哆啦迷，要原图的我可以打包发给你）最近我和dada都有自己的事，很久没有一起出去玩儿了，这次运气还算好，人不算太多，可以拍很多照片（很讨厌拍照时旁边一圈人围着等拍照，完全没了心情）。拍着拍着就像回到了小时候，拉着dada说我要拍这个，我要拍那个，致我们永不逝去的童真。小小的感动瞬间：小小：“dada，真好玩儿。”dada：“（摸摸我的头）好玩儿吧，觉得一百特值是吧。”小小：“是呀，特别值，哈哈哈…”dada：“你就是个神经病，哈哈。”（说完dada拉着小小赴约去吃饭）时间：2013.12.19（活动时间：tel:20131216-20140216(2013.12.16-2014.02.16)）地点：广州正佳广场人物：dada、小小天气：晴+微风（感觉：冷）












100Doraemon001

002

003

004

005

006

007

008

009

010

011

012

013

014

015

016

017

018

019

020

021

022

023

024

025

026

027

028

029

030

tel:031%20032%20033(031032033)

034

035

036

037

038

039

040

041

042

043

044

045

046

047

048

049

050

051

052

053

054

055

056

057

058

059

060

061

062

063

064

065

066

067

068

069

070

071

072

073

074

075

076

077

078

079

080

081

082

083

084

085

086

087

088

089

090

091

092

093

094

095

096

097

098

099

100

随着一天天长大，快节奏的工作、生活使我们失去了很多童真的、美好的东西…Theend

